            A        R        N        D        C        Q        E        G        H        I        L        K        M        F        P        S        T        W        Y        V
 1 A  -0.0508   0.5309  -0.2598  -0.4451  -0.5739  -0.1336  -0.0258  -0.5681   0.0022  -0.0862  -0.1903    0.112   0.0987   0.9745  -0.7057   0.1582  -0.2952   1.0669   1.3804  -0.2845
 2 A  -0.3665  -0.7722  -1.5613  -2.2123  -0.7671   -0.234  -1.3041  -2.2702  -0.7786   1.2518   1.8892  -1.3422    1.732  -0.4147   0.0237  -0.4873   0.7383  -2.3709  -0.4617   0.9337
 3 A   -0.307  -0.2864   0.2481   0.6034  -0.5805  -0.1446  -0.1592  -0.3207  -0.1677  -0.1264  -0.2057  -0.3087   0.1693   0.5367   0.3522   0.2109  -0.1177   1.1023   1.1711  -0.4609
 4 A  -0.2498   0.1049   0.1747   0.5227  -0.3112   0.3989   0.4013   0.2525  -0.1019  -0.4748   -0.512   0.0231  -0.3614  -0.3631   0.7177   0.2079   0.0819   0.3774   0.1703   -0.508
 5 A  -0.0954  -0.1685   0.1606  -0.0555  -0.5797   0.0149  -0.1823  -0.3102   0.1539   0.0838  -0.2251    -0.21  -0.2647   0.2393   0.2311   -0.002   0.2131   1.1806   0.5688   0.1751
 6 A  -0.3596  -0.0741   0.3018  -0.1891   0.3576   0.2012  -0.3604  -0.3345   0.0478   0.1848  -0.0695   -0.285   0.1956   0.4069   0.2174   0.0632   0.2208   0.3782   0.2674  -0.0859
 7 A   0.0307  -0.4904  -0.0279  -0.3763  -0.3564   0.0311  -0.3952  -0.6705   0.3431   0.1127  -0.1121  -0.4095   0.1747   0.6414   0.2678   0.2086   0.3459    1.584   0.5773   0.0082
 8 A  -0.0158  -0.1261     -0.1   -0.206  -0.1547   0.0218   0.0835  -0.3115  -0.2394  -0.3593  -0.0912  -0.2254  -0.0377   0.4045   0.4867   0.3163   0.4759   1.0025   0.4028  -0.3114
 9 A  -0.1352  -0.9865  -2.4874  -2.4564  -0.9925   -1.319  -1.8739  -2.4639  -1.2917   1.5819   1.5352  -0.6071   0.9122   0.5507  -1.9058  -1.1374   0.1042   1.0616   1.2355   1.6906
