            A        R        N        D        C        Q        E        G        H        I        L        K        M        F        P        S        T        W        Y        V
 1 A   0.0088   0.3806  -0.1248  -0.4191  -0.5094  -0.0106  -0.0716  -0.4736   0.0295  -0.0638  -0.2503   0.2412   0.1273   0.8565  -0.7548   0.1816   -0.253   0.7059   1.3165  -0.2995
 2 A  -0.2598  -0.7089  -1.4819  -2.0574  -0.7399    -0.24  -1.0575  -2.0562  -0.7344   1.1659   1.7967  -1.2697   1.6396  -0.3461    0.021  -0.4966   0.5764  -2.2028  -0.3635   0.9219
 3 A  -0.2271  -0.1965   0.1289   0.4436  -0.6212  -0.1152  -0.1519  -0.6825  -0.0245   0.0501   0.0807  -0.2619   0.3642   0.7256   0.0079   0.0487  -0.2741    0.922   1.0208   -0.333
 4 A  -0.1904   0.0463   0.2098    0.629  -0.1361   0.3152   0.4633   0.0839  -0.0036   -0.503  -0.5383  -0.0262  -0.3072  -0.1494   0.6255   0.1314   0.0111   0.5667   0.2152   -0.492
 5 A  -0.1099  -0.0419   0.0563  -0.2294  -0.3305  -0.0147  -0.1272  -0.3299   0.1614  -0.0017  -0.2377   0.1391    0.077   0.1692   0.2169  -0.0446   0.0283   1.2359   0.6301   0.0978
 6 A  -0.3603  -0.1931   0.3544  -0.1974   0.1798   0.1167  -0.4355  -0.3705  -0.2366    0.109   0.0697  -0.3529   0.2626   0.5269   0.2268   0.1844     0.28   0.5129   0.2633  -0.1054
 7 A   0.1535  -0.4502   0.2648  -0.2933  -0.1991   0.0469  -0.3089  -0.7336   0.5122  -0.0432  -0.1403  -0.2766   0.0694   0.5811    0.494   0.1167   0.2459   1.0314   0.4084  -0.0878
 8 A  -0.0198  -0.2931  -0.2088  -0.3671  -0.0456  -0.1077   0.0469  -0.2116  -0.2452  -0.2441   0.0007  -0.2221   0.0262   0.4531   0.2218   0.2795   0.3592   0.9464    0.707  -0.1968
 9 A  -0.1711  -1.1772  -2.0712  -2.3363  -0.8322  -1.2533  -1.7209   -2.287   -1.253   1.5265   1.4658  -0.7405   1.0002   0.7616  -1.8916  -1.1605   0.0112   1.4228   1.1803   1.6317
