            A        R        N        D        C        Q        E        G        H        I        L        K        M        F        P        S        T        W        Y        V
 1 A   0.0066   0.5209  -0.1084  -0.3753   -0.487  -0.2138   0.1261  -0.5567  -0.0653  -0.0699  -0.4294   0.1319   0.2961   1.0499  -1.0122   0.2368  -0.3323   1.0072   1.4153  -0.3776
 2 A  -0.2021  -0.8394  -1.7094  -2.4437  -1.0319  -0.2042  -1.3084  -2.5094  -1.0133    1.143   2.0776  -1.6765    1.922  -0.6835  -0.1223  -0.5063   0.8951   -1.068   -0.618   0.8832
 3 A  -0.2858  -0.2651   0.1824   0.6817   -0.657  -0.1548  -0.2401  -0.7176  -0.1637   0.0356  -0.1163  -0.3068   0.3954   0.7846  -0.0636   0.1832  -0.2916   1.4085   1.3867  -0.5289
 4 A  -0.3818   0.2483   0.0863   0.6778   -0.387   0.3056   0.5031   0.3092  -0.1491  -0.5571  -0.6545  -0.0455  -0.4512  -0.3184   0.7695   0.2478   0.0171   1.3645   0.1389  -0.6381
 5 A  -0.1334  -0.1115   0.0291  -0.2274  -0.5909   -0.101  -0.2535  -0.3419   0.1321   0.0544  -0.1023   0.1171   0.1667   0.2408   0.2933  -0.1354   0.0203   1.0994   0.8773    0.047
 6 A  -0.5484  -0.2223   0.4757  -0.2225  -0.0794   0.2705  -0.3407  -0.4032   0.0014   0.1314    -0.12  -0.3875   0.3966   0.7031   0.1734   0.2639   0.2916   1.0199   0.3137  -0.2207
 7 A   0.2165   -0.679   0.0809   -0.249  -0.2132  -0.0326  -0.4402  -0.7228   0.4426  -0.0742  -0.1616  -0.3696   0.3588   0.8655   0.2456   0.1592   0.4109   1.4495   0.4605  -0.1613
 8 A  -0.0288  -0.1388  -0.0692  -0.1393  -0.2454  -0.0568   0.1461  -0.3332  -0.3147  -0.4527  -0.0216  -0.2626  -0.0739   0.4701   0.1943   0.3786   0.5085   1.0763   0.5221  -0.3057
 9 A    -0.18  -1.2142  -2.4532  -2.7187  -1.0674  -1.6078  -2.0829  -2.6988  -1.5403   1.6223   1.5441  -0.4436   0.9514   0.6432  -2.2385  -1.3554   -0.003   1.4408   1.3612   1.8784
