            A        R        N        D        C        Q        E        G        H        I        L        K        M        F        P        S        T        W        Y        V
 1 A   0.0411   0.4963  -0.1489  -0.3191  -0.4871  -0.2455  -0.0148  -0.5971   0.0785   -0.124   -0.307   0.1088   0.1532    1.134  -0.9203   0.1132  -0.2394   0.9233   1.5177  -0.4641
 2 A  -0.3338  -0.9635  -1.7031  -2.4552  -0.9724  -0.3251  -1.2676  -2.4065  -0.8664   1.2605   2.0957  -1.7362   1.8957  -0.7268  -0.0704  -0.6072    0.876  -1.0536  -0.5612    0.888
 3 A  -0.3798  -0.3338   0.1382   0.8577  -0.8123  -0.0652  -0.0935   -0.815  -0.0831   0.0139  -0.0909  -0.4384    0.557   0.8071   0.2591   0.2241  -0.2635   1.0211   1.1584   -0.578
 4 A  -0.4388  -0.1214   0.2411   0.6885  -0.2241    0.411   0.3259   0.3265  -0.0453  -0.4883  -0.6579  -0.0272  -0.3577  -0.3281   0.9162   0.2755   0.0478   0.9894   0.2841  -0.6457
 5 A  -0.0477  -0.1403   0.0494  -0.3548  -0.1912  -0.0664  -0.2993  -0.2738  -0.0065  -0.0012  -0.1849   0.0681   0.0993   0.2808   0.1412  -0.0255   0.1455   1.1334   0.7276   0.1236
 6 A  -0.5219  -0.2494    0.464  -0.2237   0.2012   0.1112  -0.5236  -0.3564  -0.1545   0.1453  -0.1444   -0.372    0.343   0.5832   0.3122   0.2835   0.3876   0.5082   0.3675  -0.0541
 7 A    0.206  -0.6624   0.1403  -0.5216  -0.1879  -0.0396  -0.5832  -0.6608   0.4631   0.0788  -0.2023  -0.2495   0.2582   0.7858    0.142    0.179   0.4678   1.4813   0.5667  -0.1319
 8 A    0.063  -0.3574  -0.2789   -0.125   0.0875   0.0017   0.1968  -0.3748  -0.2853  -0.3916   0.1192  -0.2175   0.0702   0.3522   0.0544   0.3609   0.5917   0.9775    0.527  -0.5147
 9 A  -0.1239  -1.4388  -2.4296  -2.6784  -1.1262  -1.5383  -2.0722  -2.6145  -1.4969   1.6094   1.6303  -0.6327   0.8984   0.6022  -2.2431  -1.3699   0.1371   1.5705   1.3669   1.7955
