            A        R        N        D        C        Q        E        G        H        I        L        K        M        F        P        S        T        W        Y        V
 1 A   0.0086   0.5838   0.0808  -0.5071  -0.5329  -0.1079   -0.046  -0.5861  -0.2025  -0.0874  -0.4493    0.277   0.0094   1.0718  -0.8633   0.3258  -0.3326   0.7477    1.399  -0.3584
 2 A   -0.328  -0.9684  -1.6238  -2.4789  -1.0576   -0.329  -1.4297  -2.6066  -0.9834   1.1202   2.1287  -1.5956   2.0839  -0.6512   -0.126  -0.3549   0.8735  -1.1373  -0.5709   0.8457
 3 A  -0.3836   -0.314   0.1573   0.8388  -0.8763  -0.1539  -0.1586  -0.7896  -0.0196   0.0574  -0.0687  -0.2027    0.488   0.6332   0.0064   0.2158  -0.3138   1.3554   1.1563  -0.4776
 4 A   -0.418    0.181   0.0319   0.6795  -0.4254   0.5052   0.4391   0.2196   0.0266  -0.5627  -0.5685  -0.0597  -0.4396  -0.1304   0.7549    0.123   0.0835   1.2802   0.2088  -0.6649
 5 A  -0.2947  -0.3527   0.1621   -0.084  -0.5334  -0.2089  -0.2093  -0.3638   0.1286   0.1203  -0.1044   -0.198   0.2909   0.2071   0.2926  -0.1006   0.0192   1.5865   0.7346   0.2656
 6 A  -0.6854  -0.1811   0.6345  -0.0874   0.0764   0.2052  -0.2724  -0.1584  -0.2253   0.2153  -0.2028  -0.3793    0.355   0.5538   0.2474   0.1504   0.2332   0.4826   0.1887  -0.1223
 7 A   0.0959  -0.5382   0.0387  -0.4224  -0.4449    -0.08  -0.5148  -0.8672    0.496   0.0807   -0.159  -0.3029   0.2731   0.7901   0.5048   0.1079   0.5661   1.2724   0.6362  -0.1274
 8 A  -0.0101  -0.3354  -0.1593   -0.014  -0.1248   0.1713    0.022  -0.3891  -0.3837  -0.3809  -0.0921  -0.3824  -0.1131   0.6109   0.0681   0.3478   0.5792   1.4045   0.6048  -0.2823
 9 A  -0.1527  -1.2706  -2.4325  -2.7657  -1.0276   -1.608  -1.9743   -2.753  -1.4613   1.5631   1.5957  -0.3233    0.997    0.556  -2.1429  -1.3469   0.1382    1.232   1.2914   1.8156
