            A        R        N        D        C        Q        E        G        H        I        L        K        M        F        P        S        T        W        Y        V
 1 A   -0.069   0.3412   -0.189  -0.3194   -0.485  -0.0387  -0.0998   -0.509   0.1929  -0.0898  -0.1952   0.1571   0.1578   0.9531   -0.888   0.0707  -0.2101   1.0074   1.3331  -0.2541
 2 A  -0.2712  -0.7519  -1.3292  -1.9795  -0.6264  -0.2693  -1.1445  -2.0711  -0.6664   1.1071   1.7692  -1.1858   1.5852  -0.3167  -0.1146  -0.3513   0.6755  -2.1024  -0.2843   0.8725
 3 A  -0.2303  -0.2096   0.0875   0.6421  -0.5998   -0.112  -0.1296  -0.4308    0.054  -0.1014  -0.0231   -0.186   0.2574   0.5627   0.0201   0.0592  -0.2141   1.1498    0.867  -0.3559
 4 A  -0.2459   0.1248   0.3261   0.5932   -0.225   0.3173   0.3913    0.237   0.0436   -0.588  -0.5591  -0.0325  -0.4168  -0.1676   0.7666   0.1731   0.0126   0.5064     0.13  -0.5931
 5 A  -0.0867  -0.1509   0.0549  -0.1878  -0.4369  -0.0142  -0.2068  -0.3668   0.2342   0.0732  -0.0828  -0.0875   0.0656   0.2672   0.1958  -0.0404   0.0636   1.1643   0.5744   0.0969
 6 A  -0.3432  -0.1118   0.4052  -0.2195   0.3585   0.0388  -0.2805  -0.1824  -0.0462   0.0497   -0.078  -0.2664   0.2596   0.4518   0.2033   0.0827   0.1802   0.5023   0.1628  -0.0895
 7 A   0.1419  -0.5058    0.045  -0.3578  -0.3204  -0.1327  -0.3017  -0.4132   0.3244   0.0713  -0.0248  -0.4171   0.1959   0.5704   0.1772   0.0828   0.2531   1.2826   0.4196    0.014
 8 A   0.0421  -0.2664  -0.1194  -0.0968  -0.1342   0.0818    0.168  -0.3616  -0.2419  -0.3062   -0.087  -0.1546  -0.0296   0.3622   0.2591   0.2822   0.4072   1.0671   0.4951  -0.3103
 9 A  -0.1754  -1.0117  -1.9371  -2.2543  -0.7531  -1.1998  -1.5787  -2.1704  -1.1971   1.4504   1.4259  -0.5301    0.927   0.6288  -1.8787  -1.0077   0.0886   0.9523   1.1887    1.568
