            A        R        N        D        C        Q        E        G        H        I        L        K        M        F        P        S        T        W        Y        V
 1 A   0.0396   0.2831  -0.0772  -0.2334  -0.7151  -0.0582  -0.0147  -0.3676   0.1421  -0.1061  -0.1848   0.1568   0.1182   0.7822  -0.8306    0.133  -0.2018   0.8126   1.1004  -0.2439
 2 A  -0.1952  -0.7966  -1.5285  -1.9924  -0.7424   -0.445  -1.2058  -1.9855  -0.8505   1.2336   1.7618   -1.231   1.5333  -0.3118  -0.1473  -0.3793   0.6169  -0.9559  -0.4805   0.9517
 3 A  -0.2897  -0.2483   0.0171   0.4599  -0.6524  -0.0956  -0.0889  -0.4927   0.0009  -0.0263  -0.0943  -0.2475   0.1805   0.6973   0.1768   0.1893  -0.1687   1.0466   1.0467  -0.3274
 4 A  -0.1832   0.0774   0.1489   0.5576  -0.2746   0.3481   0.3714   0.3907   0.0519  -0.4443  -0.5444   0.0732  -0.3198  -0.3101   0.5124   0.1433   -0.027      0.6  -0.0569  -0.4809
 5 A  -0.1199  -0.1259   0.1747  -0.1089   -0.423  -0.0362  -0.1338  -0.2482    0.157   0.0482  -0.2433   -0.052  -0.0903   0.1042   0.2611  -0.0389   0.0203   1.4485   0.6187   0.1111
 6 A  -0.2438  -0.3416   0.1296  -0.1581   0.3399   0.1383  -0.2557  -0.2683  -0.0827   0.1129  -0.0265  -0.2282   0.1826   0.3837   0.3225   0.1547   0.2312   0.3235    0.136  -0.0435
 7 A    0.026  -0.2668   0.0848  -0.3224  -0.1738  -0.0513  -0.3624  -0.6554   0.3962  -0.0061  -0.0602  -0.2612   0.1817   0.6022   0.0948   0.1092   0.3271   1.2503   0.5631  -0.0379
 8 A   0.0429  -0.3016  -0.0594  -0.1772  -0.5846   0.0416   0.1354  -0.1976   0.0506  -0.3286  -0.0949  -0.0933   0.0236   0.2765   0.2396   0.2861   0.4961   0.7043    0.453   -0.263
 9 A  -0.1788  -1.1684   -2.312  -2.2997  -0.8024  -1.3514  -1.7645  -2.2993  -1.0929   1.5294   1.4882   -0.773   1.0144   0.8609  -1.7678  -1.1093    -0.04   1.6426   1.1267    1.564
