            A        R        N        D        C        Q        E        G        H        I        L        K        M        F        P        S        T        W        Y        V
 1 A    0.046   0.2834  -0.1975  -0.2926  -0.7035  -0.0916  -0.0298  -0.4572   0.1861   -0.107  -0.2066    0.137   0.0436   0.9711  -0.8569   0.1545  -0.1743   0.8404   1.2855  -0.3088
 2 A  -0.2431  -0.8365  -1.5444  -2.0421  -0.8777  -0.2896  -1.1171  -2.0333  -0.8848   1.1703   1.8202  -1.2663   1.6376  -0.3657  -0.2095  -0.3843   0.6792  -0.9585  -0.3507   0.8873
 3 A  -0.2258  -0.3725   0.1913   0.4547  -0.4223   -0.131  -0.0982  -0.5444  -0.0119  -0.0242  -0.0878  -0.2643   0.1646   0.6139   0.2196   0.2715  -0.1519   1.0775   0.9201  -0.3742
 4 A  -0.2023   0.0261   0.2336   0.5765  -0.3297   0.3877   0.4671   0.3272  -0.0696   -0.599  -0.5865   0.1409  -0.3532   -0.347   0.6182    0.201   0.0043   0.5546   0.1996  -0.5874
 5 A   -0.113  -0.1904   0.0656  -0.0565  -0.2872  -0.0916  -0.2448  -0.3738   0.1765   0.0972  -0.1712   0.0262  -0.1178   0.2604   0.1715   -0.081  -0.0643   1.6654   0.5292   0.1718
 6 A  -0.3661  -0.1231   0.2512  -0.1654   0.4488   0.0219  -0.4009  -0.3265   0.2081   0.1296  -0.0766  -0.3306   0.3227   0.4012   0.2123   0.1153   0.2054   0.6318   0.3693  -0.0968
 7 A   0.0671  -0.3638  -0.0718  -0.3164  -0.4049  -0.0164  -0.3329  -0.5139    0.278  -0.0131  -0.0611  -0.2707   0.1837   0.7512   0.1423   0.0602   0.2685   1.4822   0.6216   -0.108
 8 A   0.0138  -0.2769  -0.1748  -0.1285  -0.0474   0.0008   0.0849  -0.3863  -0.0272  -0.2986  -0.0022  -0.1994   0.0636   0.3082   0.2241   0.3691   0.4601   0.6853   0.4459  -0.2514
 9 A  -0.1281  -1.0872  -2.3561  -2.3523   -0.831  -1.2639  -1.7603  -2.3298  -1.2714   1.4788   1.4936  -0.5997   0.9568   0.8507  -1.8234  -1.1166   0.0338   1.5777   1.0901   1.5553
