            A        R        N        D        C        Q        E        G        H        I        L        K        M        F        P        S        T        W        Y        V
 1 A   0.0938   0.3537  -0.1266  -0.2724  -0.8163  -0.1502  -0.0254  -0.4331   0.0572  -0.1056  -0.2514   0.0942   0.0487   0.8534  -0.6801   0.1815  -0.1341   0.8416     1.26  -0.3007
 2 A  -0.3083  -0.7995   -1.429  -2.0508  -0.8038  -0.4195  -1.1275  -2.2036  -0.8659   1.1847   1.8043  -1.2891   1.5875  -0.3392   0.0377  -0.3979   0.6807  -0.8828  -0.4038   0.9281
 3 A  -0.2272   -0.209   0.0756   0.5704  -0.6422  -0.1204  -0.1545  -0.6363  -0.1429   -0.069  -0.0802  -0.1659   0.3277   0.8059   0.3082    0.065  -0.2732   1.0419   0.9281  -0.3411
 4 A  -0.3021   0.1399   0.1658   0.5086  -0.2723   0.2692   0.3042   0.4299  -0.0914  -0.4674  -0.4667   0.0748  -0.4744  -0.2029   0.6587   0.1219  -0.1506   0.9408   0.0807  -0.5102
 5 A  -0.0878  -0.1463   0.0639  -0.1742   -0.398   -0.179  -0.2691  -0.2988   0.0278   0.1243  -0.1794  -0.1607  -0.0817   0.3943   0.3109  -0.0684   0.0225   1.5572   0.8077   0.0331
 6 A  -0.3326  -0.0808    0.324  -0.2242   0.3461   0.0238  -0.4006  -0.2915  -0.2878   0.0991   0.0394  -0.3409   0.1759   0.4651   0.2262   0.1274   0.2974    0.611   0.1476  -0.0716
 7 A   0.0213  -0.3312   0.1105  -0.4055  -0.3747  -0.0123  -0.3891   -0.634   0.5181  -0.0638  -0.1844  -0.2666   0.0835   0.7619   0.2954   0.2015   0.2522   1.6115   0.6813  -0.1429
 8 A   0.0617  -0.1269  -0.1412   0.0145  -0.1956   0.0288    0.067  -0.2612  -0.2923   -0.334  -0.1228  -0.1385  -0.0704   0.5082   0.0731    0.284   0.3425   0.9742   0.4986  -0.3038
 9 A  -0.2539  -1.1278  -2.0168  -2.2966  -0.9435  -1.2491  -1.6702  -2.2753  -1.1812   1.4448   1.5554  -0.6377   0.9024    0.769  -1.8533  -1.0779   0.0782   1.4376   1.0576   1.5627
