            A        R        N        D        C        Q        E        G        H        I        L        K        M        F        P        S        T        W        Y        V
 1 A   0.0318   0.2269  -0.0562  -0.2709  -0.8547   -0.224   0.0015  -0.5367   0.0898  -0.0376  -0.3408   0.1593   0.2268   0.9752   -0.738    0.317  -0.3075     0.84   1.3969  -0.3358
 2 A  -0.1847  -0.9202  -1.7649  -2.4168  -0.7987  -0.3648   -1.389  -2.4403  -0.7364   1.3129   1.9762  -1.7433   1.8947  -0.8092  -0.1438  -0.3424   0.8499  -1.1719  -0.4643   0.9022
 3 A  -0.2783  -0.2745   0.1728   0.6916   -0.462  -0.2305  -0.3097  -0.5523   0.0113   0.0378  -0.0605  -0.5412   0.3772   0.7211   0.0688   0.2857  -0.2168   1.0883    1.202  -0.5522
 4 A  -0.3715   0.0727   0.2056   0.5999  -0.4106    0.316   0.4284   0.3712  -0.1184  -0.5623  -0.6677   0.1303  -0.4982  -0.4367   0.8072   0.2855    0.215   0.6919   0.2132  -0.6456
 5 A  -0.1196  -0.2255   0.0953  -0.1058  -0.4106   -0.129  -0.3119  -0.2277   0.0843   0.0859  -0.2381  -0.0548  -0.3206   0.1496   0.4374  -0.0321   0.0384   1.2553   0.8723   0.1806
 6 A  -0.4661  -0.1063   0.4696  -0.1771   0.0384   0.2986   -0.468   -0.485  -0.0367   0.1515  -0.0512  -0.4811   0.4735   0.5329   0.2308    0.328   0.3046   0.4435   0.2367  -0.1492
 7 A   0.0604  -0.4061  -0.1316  -0.2994  -0.2459   0.0006  -0.5027  -0.5414   0.5261   0.0667  -0.2498  -0.3707   0.0804    0.605   0.4779   0.1726   0.4048   1.5142   0.6258  -0.0915
 8 A   0.0262  -0.2232  -0.2172  -0.3148  -0.3672   0.0002   0.0504  -0.3005  -0.0833  -0.4289  -0.0436    -0.26  -0.0934   0.3908   0.3019   0.5555   0.5617   0.5611   0.8148   -0.362
 9 A  -0.1788   -1.247  -2.9452  -2.7706  -1.1083  -1.5615  -2.1352  -2.7633   -1.452   1.6113   1.6534  -0.6353   0.8503    0.681  -2.2214  -1.4136   0.1144    1.525   1.2008   1.9293
