            A        R        N        D        C        Q        E        G        H        I        L        K        M        F        P        S        T        W        Y        V
 1 A   0.0035   0.3357  -0.1964   -0.334  -0.4227  -0.1791   0.0255  -0.5393  -0.0931    0.022  -0.1878    0.148   0.1787   0.8231  -0.7743   0.1564  -0.1496   0.5859   1.1985  -0.1836
 2 A  -0.2552  -0.7842  -1.3458  -1.9614  -0.8738  -0.3271  -1.0443  -2.0715  -0.7631   1.0999    1.749  -1.1696   1.5197  -0.3312  -0.0868  -0.3518   0.7249   -0.846  -0.3416   0.8696
 3 A  -0.2161  -0.3701   0.1444   0.4644  -0.6749  -0.1791  -0.1408  -0.5185    0.026   0.0611   0.0503  -0.1956   0.2529    0.674  -0.1878   0.0388  -0.1847    1.276   0.9316  -0.2909
 4 A  -0.2159  -0.0592   0.2348   0.5506  -0.3432   0.2158   0.3383   0.2012   0.0594  -0.5301   -0.452  -0.0465  -0.4018  -0.1619     0.81   0.1824   0.0338   1.0854   0.1238  -0.5666
 5 A  -0.1855  -0.0216   0.0226  -0.2087  -0.3516  -0.0735  -0.1663   -0.215   0.2392   0.0589  -0.1141  -0.0383   0.0808   0.3001   0.1654  -0.0869  -0.0242   1.3361    0.571   0.0286
 6 A  -0.3086  -0.0325   0.3228  -0.2741   0.2938    0.173  -0.2916  -0.3249   0.0439   0.0752   0.0014  -0.2519   0.2679   0.2361   0.2881   0.1246   0.1687   0.6464   0.0902  -0.0734
 7 A   0.0888  -0.3768  -0.0289  -0.4369   -0.117   0.0158  -0.3294  -0.6395   0.6223    0.038  -0.0438  -0.2422   0.2538    0.553   0.3339  -0.0047   0.2127   1.2429   0.5176  -0.0668
 8 A  -0.0389  -0.2904  -0.1986  -0.1314  -0.1883  -0.0041   0.0887  -0.1758  -0.1311    -0.27  -0.0091  -0.1887   -0.019   0.5836  -0.0072   0.2603   0.2402   0.9162   0.6731  -0.2669
 9 A  -0.2122  -1.1182  -1.9662  -2.2878  -0.7717  -1.2959  -1.6598  -2.2703  -1.2368   1.4914   1.4598  -0.6534   0.8898   0.7142  -1.7765  -1.0152   0.1305   1.4339   1.1454   1.5471
