            A        R        N        D        C        Q        E        G        H        I        L        K        M        F        P        S        T        W        Y        V
 1 A  -0.0317   0.3218   0.0668  -0.2839  -0.5471  -0.1986  -0.0799  -0.4487   0.0412  -0.0615  -0.2444   0.1945    0.125   0.8895  -0.7166   0.0934  -0.2356   0.8813   1.1925  -0.2454
 2 A  -0.2783  -0.7709  -1.4237  -2.0834  -0.6704  -0.3819  -1.1332  -2.1933  -0.8268   1.1073   1.8236  -1.2026   1.6085  -0.4067   0.1233  -0.3944    0.715   -0.964  -0.4392   0.8448
 3 A  -0.2877  -0.2264   0.0562   0.8133  -0.5196  -0.0621  -0.0671  -0.6727  -0.0946  -0.0789  -0.0494  -0.0912   0.3313   0.4874   -0.003   0.1229  -0.2329    1.255   0.9096  -0.3801
 4 A  -0.2718   0.0267   0.2196    0.425  -0.2509    0.314   0.3655   0.1237    0.071  -0.4598  -0.4034   0.0332  -0.4292  -0.1522   0.8172   0.0885   0.0056   1.1867   0.0595  -0.5545
 5 A  -0.1788  -0.0578   0.0642  -0.1266  -0.4168   0.0598  -0.1284  -0.2245   0.1301   0.0005  -0.1486   -0.041   0.0326   0.2122   0.0708  -0.0517   0.0402   1.3071   0.6211   0.0868
 6 A  -0.3984  -0.0712   0.2921  -0.0521   0.3168   0.1152   -0.272  -0.3207   0.0321   0.1325  -0.1023  -0.2947   0.2556   0.5309   0.2389   -0.006   0.0732   0.4399   0.3444   -0.065
 7 A   0.1126  -0.5195    0.053  -0.4141  -0.4178  -0.1472  -0.3936  -0.6596   0.3327   0.0295  -0.0064  -0.3691   0.2808   0.7688   0.1077   0.1269   0.4577   1.1837   0.5238  -0.0115
 8 A    0.023  -0.2809  -0.1194  -0.1192  -0.2806  -0.0173   0.0874  -0.3827  -0.1347    -0.26   0.0363  -0.1525   0.0255    0.444   0.0551   0.2514   0.3793   1.1017   0.5596  -0.2894
 9 A  -0.1779   -1.072  -1.9937  -2.2824   -0.951  -1.2868   -1.654  -2.2296  -1.1067   1.4466   1.4751  -0.4327   0.9394   0.6122    -1.89  -1.0582   0.0289   1.2783   1.1843   1.5694
