            A        R        N        D        C        Q        E        G        H        I        L        K        M        F        P        S        T        W        Y        V
 1 A  -0.0019   0.2601  -0.1168   -0.206  -0.5191  -0.1703   0.0035  -0.5164   0.1728  -0.1112  -0.3043   0.1585   0.1383   0.9408  -0.8408   0.1668  -0.2628   1.0745   1.3873  -0.3215
 2 A  -0.2777  -0.8725  -1.3871  -1.9752  -0.7201  -0.3291   -1.123  -2.1282  -0.7048   1.1458   1.7912  -1.2469   1.5214  -0.3321  -0.1218  -0.3587   0.7344  -0.9732  -0.3814   0.8835
 3 A  -0.1864  -0.2257   0.1332   0.3974  -0.6585   0.0167  -0.0709  -0.6535   0.1202  -0.0559  -0.0482  -0.1211   0.3015   0.7263  -0.0099    0.134  -0.3059   1.3257   0.9084  -0.3887
 4 A  -0.2582   0.1609   0.1906   0.4383  -0.1275   0.2174   0.3493   0.3115  -0.0222  -0.4474  -0.4565   0.0499  -0.4043  -0.2961   0.7558   0.1372  -0.0034   0.5948  -0.0593  -0.4704
 5 A  -0.0833  -0.1727  -0.0809  -0.3013  -0.4486  -0.1459  -0.3134  -0.3016   0.1298   0.1125  -0.0341  -0.0682   0.1244   0.3859    0.298   -0.132  -0.0403   1.2417   0.7453    0.127
 6 A  -0.2764  -0.2095   0.2639  -0.1516   0.3135   0.0877  -0.2964  -0.2074  -0.1524   0.1243  -0.0887  -0.3214   0.1658   0.4816   0.1413   0.2299   0.2259    0.587    0.129  -0.0982
 7 A   0.1358  -0.4816  -0.0684   -0.516  -0.1479  -0.0653  -0.4653  -0.4421    0.559   0.0078  -0.0765  -0.2973   0.2771   0.7305   0.1952  -0.0167   0.2818   1.5239   0.5637  -0.0892
 8 A  -0.0466  -0.1126  -0.2033  -0.1601  -0.0778   0.1017    0.131  -0.4373  -0.3483  -0.3104    0.051  -0.1093  -0.0031   0.4132    0.214   0.3229   0.3218   0.7731   0.5044  -0.2603
 9 A  -0.2008  -1.1442  -2.0414  -2.3791  -0.9493  -1.3317  -1.7345  -2.2643  -1.2823   1.4882   1.4937  -0.6991   0.9555   0.8864    -1.87  -1.0528   0.0244   1.6264   1.1514   1.5409
