            A        R        N        D        C        Q        E        G        H        I        L        K        M        F        P        S        T        W        Y        V
 1 A   0.0197   0.2445  -0.0741   -0.288  -0.5697  -0.0919   0.0341  -0.3842   0.0439   -0.091  -0.2319   0.1792   0.1725   0.7725  -0.7795   0.1555  -0.1592   0.8283   1.2152  -0.3045
 2 A  -0.2395   -0.811  -1.3623  -1.9465  -0.7794  -0.3395  -1.0759  -2.1111  -0.7851   1.1555   1.7316  -1.1568   1.4951  -0.3349  -0.1426  -0.3495   0.6845  -0.8596   -0.402   0.9336
 3 A  -0.2467  -0.2611   0.1437   0.5922  -0.6403  -0.1524   -0.132  -0.6004   0.0064  -0.0641    -0.09  -0.2086   0.2586   0.6425   0.0985   0.0961  -0.1222   1.2261   0.9589  -0.2999
 4 A  -0.2842  -0.0385   0.2339   0.5462  -0.3175   0.2655   0.3164   0.3811   0.0446  -0.5091  -0.4837  -0.0027   -0.371  -0.2912    0.785    0.137   0.0194   0.9953   0.0376  -0.5388
 5 A  -0.1061  -0.1256  -0.0203  -0.1744  -0.3068  -0.0526  -0.2149  -0.2336   0.1094   0.0808  -0.2005  -0.0919  -0.1296   0.3096   0.2728  -0.0353  -0.0361   1.5347   0.6744   0.0913
 6 A  -0.3424  -0.0332   0.1075  -0.2073   0.3959   0.0922  -0.3111   -0.394  -0.0767   0.0994   0.0306  -0.1852    0.196   0.3277   0.4229   0.0812   0.2105   0.6255   0.0817  -0.0462
 7 A  -0.0486  -0.2792   0.0447  -0.2122  -0.2753   -0.078  -0.4235  -0.6822   0.4797  -0.0005  -0.0991  -0.2365   0.1706   0.7603   0.2267   0.0614   0.2082   1.5881   0.6013   -0.095
 8 A  -0.0271   -0.215  -0.0388  -0.1979  -0.2771  -0.0454   0.1189  -0.1759  -0.1732  -0.3392  -0.0837  -0.1099  -0.0135   0.4739   0.2498   0.2696   0.3395    0.995   0.4662  -0.2964
 9 A  -0.1508  -0.9122  -2.2387  -2.2405  -0.8437  -1.2097  -1.6556  -2.1838  -1.2033   1.4623   1.4537  -0.6117   0.9237   0.6277  -1.7541  -0.9944   0.0297   1.4933    1.089   1.5505
