            A        R        N        D        C        Q        E        G        H        I        L        K        M        F        P        S        T        W        Y        V
 1 A    0.118   0.3342  -0.1334  -0.3874    -0.66  -0.1469  -0.0682  -0.5034  -0.0411  -0.0833  -0.2345   0.1307   0.2558   0.7881  -0.8178   0.1547  -0.1968   0.9723   1.4913  -0.3133
 2 A  -0.2968   -0.855  -1.5787  -2.1278  -0.7655  -0.3878  -1.0644  -2.2698  -0.6658   1.1873   1.9608  -1.4029   1.7089  -0.3921  -0.2968  -0.4308   0.6462  -2.3267  -0.2954   0.8956
 3 A  -0.1773  -0.3818   0.0468   0.5137  -0.9826  -0.1663  -0.1736  -0.5185  -0.1676   0.0523   -0.004  -0.2925   0.2839   0.6916   0.1297   0.0972  -0.2857   1.6041   1.0928  -0.3645
 4 A  -0.3593   0.2856   0.1956   0.5911  -0.2921   0.3144   0.3312   0.2823   0.0526  -0.5577  -0.5585   0.1153  -0.4575  -0.2975   0.7966   0.0761  -0.0503   0.8204   0.2934  -0.6049
 5 A  -0.1101  -0.1164   0.1611  -0.1386  -0.5074  -0.2545  -0.2766  -0.3776   0.0901   0.2107  -0.2326  -0.1347   0.0978   0.4024   0.0347  -0.0312  -0.0077   1.2751   0.7497   0.2166
 6 A  -0.2867  -0.0622   0.3642  -0.2831   0.2902   0.1765  -0.4805  -0.4266  -0.1246   0.1642  -0.0047  -0.3186   0.2404   0.3291   0.2423   0.2515   0.2933   0.9552  -0.0514  -0.0935
 7 A   0.1311  -0.4166    0.067   -0.164  -0.3358    0.063  -0.4161  -0.7427   0.4296  -0.0805  -0.2087  -0.3805   0.1558   0.7936   0.2488   0.1581   0.2934   1.5419   0.6261  -0.0837
 8 A     0.04  -0.2094  -0.1638  -0.2024  -0.1676  -0.0102   0.0775  -0.2107  -0.1639  -0.2104  -0.0271  -0.1155   0.0182   0.2785   0.2671   0.2496   0.3332   1.0122   0.3253  -0.2448
 9 A  -0.2175   -1.118  -2.1497   -2.487  -0.9202  -1.3242  -1.8063  -2.4279  -1.2325   1.5293   1.5699  -0.7134   0.9952   0.6927  -2.1647  -1.1878   0.0669    1.202   1.2234   1.6896
