            A        R        N        D        C        Q        E        G        H        I        L        K        M        F        P        S        T        W        Y        V
 1 A   0.1046   0.3839   -0.125  -0.4247  -0.3177  -0.2032  -0.0632  -0.3925   0.0156  -0.1152  -0.3214   0.1715   0.0545   0.8641  -0.9703   0.1917  -0.2217   0.8483   1.4066  -0.2635
 2 A  -0.3344  -0.8383  -1.5134  -2.0976  -0.8198  -0.2178  -1.1239  -2.2915    -0.86   1.1527   1.8842  -1.3031     1.72   -0.501  -0.2255   -0.347    0.781  -1.0095  -0.4932    0.904
 3 A  -0.1516  -0.1991   0.0738   0.4229  -0.5438   -0.148  -0.1034  -0.7977  -0.0057    0.144  -0.0038  -0.2409   0.3901   0.7611  -0.2328   0.0709  -0.2312   1.0575   1.0823  -0.3309
 4 A  -0.2808  -0.0747   0.1273   0.5987  -0.2947   0.3169   0.3981   0.3757  -0.0425  -0.5765  -0.5432  -0.0114   -0.445  -0.3048   0.8714   0.1858   0.0785    1.171   0.0628  -0.6174
 5 A  -0.0367  -0.1614   0.1059  -0.2645  -0.5025  -0.1758  -0.3393  -0.1935    0.231   0.0357  -0.1781   -0.081   0.0878   0.1847     0.43  -0.0622   -0.029   1.3534   0.6814   0.1314
 6 A   -0.338   -0.188   0.0487  -0.1325   0.0169   0.1578  -0.3777  -0.1321  -0.2182   0.1538  -0.0308  -0.3293   0.3063   0.5175   0.2796   0.1352   0.2198   0.6924   0.1862  -0.0779
 7 A   0.1261  -0.4652  -0.0217  -0.3227  -0.2571  -0.0752  -0.5143  -0.6553   0.4762   0.0175  -0.1419   -0.348   0.3216   0.9074    0.144   0.0965   0.4431   1.4515    0.441  -0.1163
 8 A  -0.0716  -0.2798  -0.2275   -0.223  -0.1966   0.0982   0.0115  -0.2406  -0.1513  -0.3339   0.0611   -0.183   0.0136   0.4982   0.2601    0.248   0.4532   1.0416   0.5075  -0.3267
 9 A  -0.1868  -0.9868  -2.1455  -2.4376   -0.863  -1.3552  -1.7977  -2.4317  -1.3071   1.5157   1.5108  -0.4997   0.9072   0.5962  -2.0491  -1.1582   0.1023   1.4936   1.1179   1.6647
