            A        R        N        D        C        Q        E        G        H        I        L        K        M        F        P        S        T        W        Y        V
 1 A    0.091   0.3568   0.0464  -0.3787  -0.6653  -0.1793   0.0115  -0.4479   0.0831  -0.1563  -0.3106   0.2143   0.0324   0.8007  -0.6701   0.2209  -0.3036   0.9066    1.285  -0.2758
 2 A  -0.2831  -0.7551  -1.6902  -2.1849  -0.8259  -0.3055  -1.1535   -2.317  -0.8032   1.1246   1.9152  -1.3276   1.6455  -0.4486   0.0607  -0.4844   0.7505  -0.9821  -0.2481   0.8394
 3 A  -0.2449  -0.1921   0.1883   0.6576  -0.5487  -0.0699  -0.1511  -0.5815   0.0349  -0.0783  -0.1524  -0.2362   0.2143   0.6106   0.0589   0.1592  -0.1879   1.5125   1.0083  -0.4756
 4 A  -0.2314  -0.0837   0.1104   0.5891  -0.5003   0.3091    0.399   0.2994   0.0844  -0.4884  -0.5014  -0.0012  -0.3688  -0.2304   0.7993   0.1092  -0.0405   1.1753   0.1932  -0.5763
 5 A   0.0946  -0.2462   -0.072  -0.3052  -0.3873  -0.0132  -0.1535  -0.2975   0.0358   0.0616  -0.2063  -0.1494  -0.2078   0.1018   0.4066  -0.0392   0.0643    1.554   0.7439   0.1801
 6 A  -0.3861  -0.0887   0.2991  -0.2816   0.2272   0.1714   -0.415  -0.4083  -0.0147   0.2255  -0.1238  -0.3298   0.2642   0.4338   0.4274   0.0852   0.2066   0.6038   0.2585   0.0426
 7 A   0.1298  -0.6049   0.0048  -0.4277  -0.4054    -0.07   -0.418  -0.7133   0.2828   0.1707  -0.0712  -0.4316   0.2026   0.7833   0.1752   0.1067   0.4424   1.3146   0.5247   0.0638
 8 A   0.0332  -0.1936  -0.1966  -0.0711  -0.2639   0.0776   0.0641  -0.3236  -0.3671  -0.3346  -0.0672  -0.2103  -0.0474    0.632   0.3151   0.3148   0.4499   0.8517   0.4693  -0.3929
 9 A  -0.0931  -1.0059  -2.1404  -2.4277  -0.8779  -1.4038   -1.799  -2.3705  -1.2869   1.4408   1.5022  -0.4261   0.9683   0.6113  -1.9684  -1.1417   0.0331   1.0616   1.2573    1.661
