            A        R        N        D        C        Q        E        G        H        I        L        K        M        F        P        S        T        W        Y        V
 1 A  -0.0068   0.4081  -0.1616  -0.1734  -0.6252  -0.1082   -0.019  -0.4828  -0.0096  -0.0533  -0.2187   0.1912   0.0964   0.8673   -0.798   0.0299  -0.2442   0.9227   1.1973  -0.2213
 2 A   -0.248  -0.7302   -1.371   -1.974   -0.872  -0.3502  -1.0877  -2.1352  -0.7934    1.181   1.7603  -1.2138     1.56  -0.3179  -0.0712  -0.4273   0.5569  -0.8352  -0.2223   0.9003
 3 A  -0.2004  -0.2851   0.0865    0.681  -0.5117  -0.1125  -0.1129   -0.676  -0.0499  -0.0545   0.0385  -0.2309   0.3687   0.5934   0.0554    0.082  -0.1929   0.8821   0.8944  -0.3199
 4 A  -0.2854  -0.0189   0.2079   0.5529  -0.2961   0.3297    0.401   0.3118  -0.0363  -0.4908  -0.5378  -0.0008  -0.3461   -0.201   0.7638   0.1382  -0.0635   1.1329   0.1574  -0.5849
 5 A  -0.0296  -0.1504    0.055  -0.2145  -0.3131  -0.0352  -0.0529  -0.2198   0.1519   0.0226  -0.1946  -0.0544  -0.0739   0.1025    0.365   -0.058   0.0002   1.3801   0.5286   0.0698
 6 A  -0.2979  -0.1746   0.3036  -0.2443   0.0033   0.1119  -0.2586  -0.3853  -0.1365   0.0994   -0.054  -0.2266   0.2398   0.4453   0.3111   0.1787   0.3436   0.4955   0.2038  -0.0826
 7 A   0.0475  -0.3984   0.0823  -0.3945   -0.409   0.0046  -0.4003  -0.5532   0.3874  -0.0098  -0.0644  -0.2979    0.156   0.7654   0.3444   0.1168   0.2672   1.0227   0.5922  -0.0854
 8 A  -0.0088  -0.3139  -0.2065  -0.0881  -0.2077   0.0503   0.1502  -0.2354  -0.1621  -0.2907   0.0164  -0.2079  -0.0736   0.4468   0.2238   0.2699   0.3325   0.8699   0.4641  -0.2728
 9 A  -0.1323  -1.0464  -1.9423  -2.2347   -0.951  -1.2079  -1.6263  -2.1118    -1.24   1.4197   1.4019  -0.5755   0.9377   0.7386  -1.8875   -0.996   0.0604   1.6668   1.1089   1.5262
