            A        R        N        D        C        Q        E        G        H        I        L        K        M        F        P        S        T        W        Y        V
 1 A   0.1081   0.2357  -0.0215  -0.1659  -0.6575  -0.1805  -0.0252  -0.5265   0.1073  -0.0627  -0.2272   0.2282    0.215   0.8213  -0.8538   0.1191  -0.2297   0.5477   1.2937   -0.312
 2 A  -0.2336  -0.9416  -1.4617  -2.1191  -0.8522  -0.2315  -1.1695  -2.2356   -0.772   1.2178    1.842  -1.4151   1.6225  -0.4174   0.0024  -0.4736   0.7633  -0.9454  -0.5128   0.9099
 3 A  -0.1912  -0.3628   0.0157    0.682  -0.6431   -0.176  -0.1894  -0.6398  -0.0013   0.0276  -0.0186  -0.1776   0.4221   0.7443  -0.0373   0.1923  -0.1901   0.7459   1.0103  -0.4407
 4 A  -0.2495  -0.0374   0.1745   0.6523  -0.2349    0.323   0.3826   0.2848   0.0572  -0.4506  -0.6334   0.0463  -0.5439  -0.2138   0.6731   0.2099   0.0188   1.0627   0.0317  -0.5468
 5 A  -0.0121  -0.1605   0.1117  -0.2102  -0.1488  -0.0116  -0.1651  -0.2671   0.0669  -0.0316  -0.2244  -0.0143  -0.1421   0.1567   0.3332  -0.0375     0.02   1.3578   0.6928   0.0623
 6 A  -0.3072  -0.1699   0.2907  -0.2124   0.0445    0.123  -0.3249  -0.4567  -0.3165   0.2097   0.0137  -0.3377   0.4187   0.4578   0.1845   0.1592   0.3733   0.2096   0.1855  -0.0077
 7 A    0.118   -0.562   0.0275  -0.5755  -0.3502   0.0359  -0.4884  -0.5142   0.4401   0.0221  -0.1248  -0.4129   0.2845   0.8779   0.2282   0.0998   0.2842   1.5561   0.5334  -0.0038
 8 A   0.1356  -0.2288  -0.2079  -0.2047  -0.1517   0.0279   0.0093  -0.3056  -0.3326  -0.3316   0.0066  -0.3013    0.102   0.3904   0.1786   0.2912   0.4252   0.8804   0.6063  -0.2169
 9 A  -0.1952  -1.0816  -2.1681  -2.4668  -1.0434  -1.3252  -1.7526  -2.3627  -1.3945   1.5083   1.5057  -0.5653   0.9612   0.6523  -1.9629  -1.2189   0.0488   1.5206   1.2435   1.6812
