            A        R        N        D        C        Q        E        G        H        I        L        K        M        F        P        S        T        W        Y        V
 1 A  -0.0302   0.3861  -0.0991  -0.2748  -0.8543  -0.1076  -0.0319  -0.3055    0.003  -0.0976  -0.1959   0.2001  -0.0939   0.9977  -0.9348   0.1377  -0.2371   0.4665   1.2572  -0.2625
 2 A  -0.2478  -1.0261   -1.632  -2.3068  -0.8621   -0.469  -1.4201  -2.3885  -1.2804   1.3878   1.9641  -1.3967   1.6299  -0.2932  -0.0858   -0.502   0.6452  -1.8885  -0.5245   1.0681
 3 A  -0.2311  -0.3019   0.1852   0.5531  -0.7338  -0.0979  -0.0662  -0.6163  -0.0886  -0.0312   0.0165  -0.1896   0.3218   0.6496   0.0695   0.1232  -0.1344   0.4952   0.9145  -0.2903
 4 A   -0.137   0.0004    0.244   0.5872  -0.4804   0.2926   0.4545   0.3132  -0.0286  -0.5025  -0.4833   0.0305  -0.4977  -0.3067   0.6655   0.2379   0.0459   0.2877  -0.0888  -0.5175
 5 A  -0.0673  -0.1985   0.1103  -0.1383  -0.3677  -0.1592  -0.2058  -0.3429  -0.0324   0.1504   -0.085  -0.0935  -0.1175   0.2752   0.1317  -0.0267  -0.0445   1.0633    0.754   0.1752
 6 A  -0.3751  -0.1177   0.2877  -0.1512   0.0725   -0.048  -0.3755   -0.313   -0.235   0.1994   0.1611  -0.2752   0.2022   0.4268   0.0904    0.111   0.2884  -0.0316   0.2305  -0.0248
 7 A   0.0824  -0.5026   0.0328  -0.3101   -0.526  -0.0311  -0.3789  -0.4992   0.2345   0.0868   0.0141  -0.2683   0.1169    0.649   0.2785     0.11   0.2439   0.8341   0.5258   0.0068
 8 A  -0.0263  -0.2638  -0.0151   0.0734   -0.502  -0.0113   0.1231  -0.2719   -0.423  -0.2758  -0.0078  -0.1299  -0.0583   0.5055   0.0579   0.2842   0.3224   0.6375   0.6026  -0.2828
 9 A  -0.0687    -1.23  -2.3463  -2.7287  -1.0944  -1.4346  -1.8932  -2.4603  -1.6903    1.662      1.6  -0.7101   0.9818   0.7492  -2.2449  -1.1026   0.0327   1.2387   1.0986   1.6905
