Best PCC  0.6660769769437799 Best Lamba  10 Best epsilon  5e-05
Lambda:  10 Epsilon:  5e-05 PCC:  0.6664949993298782
[-1.96913352e-02  5.59475276e-03  7.09432845e-03  1.90492913e-02
  5.69543941e-03 -2.54580199e-03  1.27410559e-02 -4.44033598e-02
 -2.53900650e-02  6.68833005e-02 -4.25482116e-02 -4.90587236e-03
  2.28497410e-02  4.19399802e-02 -1.19193968e-02  3.77190176e-04
  2.03832351e-02  6.94537528e-03 -6.16147185e-02 -3.16311866e-03
  5.63420724e-02  1.48682337e-02 -3.83370624e-02 -4.70496429e-02
  2.57206153e-02 -1.09479070e-02  3.37755457e-02 -8.41782507e-03
 -1.76692420e-02  3.04723482e-02  2.22184824e-02 -1.47282478e-02
  1.79598581e-02 -3.07190175e-02 -6.57508797e-02  2.98320321e-02
  8.66389276e-02 -2.97640484e-02 -2.94920713e-03  2.61387243e-02
 -5.32779491e-03  1.56882119e-02  4.68937355e-03 -2.58465305e-03
  3.51571023e-03  2.64947351e-02 -5.12104962e-03 -9.77330061e-04
 -2.47789440e-02 -2.02377817e-02 -4.09423228e-02 -3.18373407e-02
  3.94858980e-02  9.12381419e-03 -8.62138761e-03  2.00476808e-03
 -1.89315640e-02 -3.40694235e-03 -2.53799668e-02  3.79616450e-03
 -2.99529180e-02  1.87136382e-02 -5.76790317e-03  4.04295083e-03
 -7.05144443e-03 -9.60960202e-03 -1.12147665e-02 -1.23426187e-03
 -1.55275350e-02 -2.21473388e-02 -7.80584375e-03 -7.64245391e-04
  2.27652814e-02 -3.69670854e-02 -7.33123473e-04 -1.01573135e-02
  1.86169198e-02 -1.28885139e-02 -4.27778242e-02 -2.72938816e-02
  8.04486924e-04 -3.48853938e-04 -1.32976436e-02  1.46578391e-02
  2.61746069e-03 -3.82780496e-03  3.57272320e-02  7.04315748e-03
 -4.44551649e-03 -3.29421261e-02 -3.76551825e-02  6.73116949e-03
 -4.10424026e-02 -5.24092150e-02  3.61205164e-02  1.86768346e-02
  3.91487161e-03  1.34688884e-02 -1.45612051e-02 -3.03914495e-02
  3.92353529e-04 -1.86862175e-03 -2.64907245e-02  2.60085019e-02
 -3.32293983e-02 -3.07679409e-02 -2.42151756e-02 -2.49683353e-02
  2.59829729e-02 -2.56930540e-03  9.82907706e-03 -7.98288507e-04
 -3.72424939e-02 -2.06044611e-02  2.72791686e-02 -5.28394668e-03
 -3.27909530e-03 -2.87997584e-02 -2.05053072e-02 -1.39899328e-02
  1.40759182e-04 -3.47738711e-02  6.74123077e-03  1.15993297e-02
  3.27799379e-02 -4.26236616e-03 -2.01673259e-03  5.58228258e-03
 -4.93639886e-02 -1.59670322e-02  3.51313136e-04  3.78158565e-02
 -1.06696209e-02  5.22613905e-03 -7.30852468e-03  2.95379191e-03
  6.41559866e-03  2.95392156e-02 -1.29095822e-02  2.36485004e-02
  2.21790464e-03  9.89178274e-03 -1.69725782e-02  1.87548804e-02
 -2.96661240e-02 -1.64865417e-02  3.91138652e-02 -2.10057369e-02
  4.27341610e-03  5.63722078e-02 -3.98302945e-03  9.60430067e-04
 -6.71413033e-02 -4.36610465e-02  9.00500348e-03 -2.36577967e-02
 -2.12836981e-02 -7.02547373e-04 -1.61629430e-02 -1.08944707e-02
 -7.98041852e-03 -8.21602363e-03 -3.22755743e-02  1.93807765e-06
 -2.06258390e-03  1.72641278e-02  1.76161009e-02 -1.39810277e-02
 -3.17950401e-02  1.29669713e-02  3.48635036e-02  3.71945595e-02
  6.38009433e-03 -1.11725470e-02 -4.35135461e-02 -1.00390489e-02
 -1.14454171e-02  2.17408731e-04  6.09916507e-03  3.48447853e-02
 -6.73063540e-03 -2.30414269e-02  2.78976056e-02  7.27521619e-02
  7.93933193e-03  3.31696383e-02  4.56685141e-02  1.63562965e-02
 -1.47595549e-02]
Best PCC  0.7101275314480492 Best Lamba  0.1 Best epsilon  5e-05
Lambda:  0.1 Epsilon:  5e-05 PCC:  0.7027342848342566
[-0.02433673  0.03363733  0.00159077  0.01757469  0.00379369  0.00038682
  0.00946238 -0.00071156 -0.02314413 -0.00330549  0.02057607 -0.00961765
  0.02534509  0.02681362  0.00359804  0.03978208  0.0315399   0.00882189
 -0.04553626 -0.00086768 -0.00613896 -0.04354145  0.0160185   0.0087109
  0.05004039 -0.00565872 -0.02224061  0.02102348 -0.03285737 -0.00963211
  0.04800109  0.01423707 -0.05464855 -0.03174933 -0.06086655  0.01049664
  0.10735374  0.0205687   0.01273155  0.03472569 -0.01420013  0.00028392
  0.04604903 -0.02366403  0.01875915 -0.0175332  -0.00669588 -0.01916667
 -0.03458549 -0.02576088 -0.00635786  0.05516222 -0.06124404  0.01258275
  0.00304686 -0.00183624 -0.01867046 -0.03067754  0.00537282 -0.00653478
 -0.06064048 -0.01648342  0.10870321 -0.04882292  0.03107809 -0.02132029
 -0.02080096 -0.00595005 -0.00518696  0.01920602  0.02795628  0.02767135
  0.01994679 -0.02907105 -0.040177   -0.02481313  0.03319001 -0.01205409
 -0.01357087  0.01570917  0.00581973  0.05805058 -0.05951782  0.00944529
  0.02829921 -0.02309838 -0.00916893 -0.02754346 -0.00323137  0.01003747
 -0.02725235  0.01118335  0.02473157  0.0181414  -0.04044033  0.02650865
 -0.00222554 -0.02769387  0.01824055  0.01197825  0.00087553 -0.00181442
 -0.01631832  0.0083082   0.03895348 -0.05482408  0.01101831 -0.02360583
  0.01869582 -0.00591113  0.00586785  0.01262081  0.00213273 -0.00832078
 -0.01695539  0.0390666  -0.02178658 -0.03136731 -0.01184213 -0.00553325
  0.02763773 -0.00801698  0.008952    0.04052606  0.00415393 -0.03119777
 -0.01768231 -0.00089158  0.0242383  -0.00097322 -0.00513468 -0.03658679
 -0.02128677 -0.01103272 -0.01169812  0.03209396 -0.0362867  -0.01158935
 -0.02051046 -0.01180484 -0.00901629 -0.01280723 -0.00032282  0.0081315
 -0.00326298  0.00880177  0.03664956 -0.03605333  0.01490733 -0.01393115
 -0.01853755  0.00499885 -0.00481565 -0.00676241  0.00045279 -0.01958454
  0.00627735 -0.00099919 -0.00533532 -0.00913699  0.05534185 -0.01753876
 -0.04131833 -0.00437123  0.00981609 -0.0094162  -0.03391746  0.03390568
  0.0057056   0.00972177 -0.02224079  0.04240981 -0.0052228   0.04513445
  0.00981022 -0.02742779 -0.02645738 -0.05441474  0.0533535   0.02828212
 -0.00304188  0.03162275  0.00695385  0.04511501 -0.00792859  0.01328691
  0.0070884   0.02029886 -0.01997903]
Best PCC  0.7489871651395503 Best Lamba  0.001 Best epsilon  5e-05
Lambda:  0.001 Epsilon:  5e-05 PCC:  0.7450501722909739
[ 0.0294279  -0.01799774  0.00881117 -0.01061445 -0.00362678  0.00278902
 -0.0142268  -0.00516224  0.02140116  0.06757149 -0.06734245  0.00994926
  0.03051233 -0.0545      0.0255861   0.05255853  0.01935181 -0.00742817
 -0.06216534  0.02726204  0.06008355  0.03498114 -0.03196142  0.02021266
  0.03131575 -0.01613499 -0.03232758 -0.03113148 -0.03519959 -0.00765824
  0.00876278 -0.02954185  0.00613928 -0.0229228   0.00701509 -0.01033367
  0.0084963  -0.00454838 -0.01192415 -0.00052661 -0.01226085  0.02111508
 -0.01561105 -0.01216794 -0.06983957  0.01410866 -0.00814402  0.07042516
  0.0307609  -0.0038495   0.04544555  0.03225133 -0.02371291 -0.00449118
 -0.0238077  -0.05162127  0.02517059  0.08233519 -0.01448752  0.00277984
  0.02774853  0.00059775  0.03373287 -0.00528239 -0.00243205 -0.0099172
 -0.01420157 -0.00637491 -0.01340493 -0.02137411  0.01306964  0.01346978
  0.00628878 -0.02970415 -0.0055546  -0.01613896  0.0003441  -0.00462879
 -0.02921856 -0.02375896 -0.00366497  0.02052536 -0.01284542 -0.00277019
 -0.04645067  0.01430928  0.11040722  0.00929266 -0.01106119 -0.10069887
 -0.01765468  0.02379294 -0.00337456 -0.00847296 -0.02772761 -0.06109968
 -0.00525104 -0.01291084 -0.0187987  -0.01290103  0.06142094 -0.0050189
  0.06392011 -0.01300322 -0.00619793  0.00389364 -0.01381762 -0.02153875
 -0.02185224 -0.00803255  0.00030812 -0.02046788  0.02449066  0.02790529
  0.00489986 -0.01268361  0.00385041 -0.0266745  -0.06273933  0.0154493
  0.03759752 -0.0163005   0.0006202   0.0163516   0.01313384  0.01312801
 -0.00872655 -0.00326819 -0.04584115 -0.00515692 -0.0009834   0.03050439
 -0.0167052   0.00621953 -0.00833903 -0.01296962  0.01091865  0.03402522
 -0.01583335 -0.00014861  0.00893016  0.01763936 -0.0275079   0.01775032
 -0.02412762  0.01050522  0.01305708 -0.04509626  0.02460351 -0.02825578
  0.00985626  0.0032692   0.01556903  0.00051019  0.02480562 -0.01445783
 -0.05763981  0.06135121 -0.00869194 -0.01288933  0.00884672  0.00564513
  0.02136976 -0.02085559  0.00813219  0.02904764  0.01137837 -0.05861588
 -0.00292961 -0.02056224 -0.02913724  0.07457515 -0.01205798  0.05868146
  0.07403353 -0.08104796 -0.02152113  0.01207038 -0.01162087  0.00328795
 -0.0078607   0.03533587 -0.01819491  0.0239793  -0.0124951  -0.01002155
  0.02579918  0.0486488  -0.00414094]
Best PCC  0.7387028982192874 Best Lamba  0.01 Best epsilon  5e-05
Lambda:  0.01 Epsilon:  5e-05 PCC:  0.7214734602982746
[ 0.00366431  0.0114975   0.01361795  0.01577482  0.00414953 -0.01317766
 -0.03039072 -0.00242087 -0.03344187 -0.02278088  0.03027971  0.01286405
  0.02646819 -0.00613087  0.00741684  0.03062509  0.0002516   0.00369717
 -0.06405878  0.03261423 -0.02719001 -0.03323429  0.02969695  0.07940065
  0.0201683  -0.01971157 -0.1002203  -0.02766628  0.0134593  -0.01296219
 -0.00751593  0.00789978 -0.06119587 -0.02996825  0.00800578 -0.02619262
  0.01640298  0.05412445  0.0036746   0.06017523 -0.08313662  0.02778798
 -0.02444992 -0.00031117 -0.02220694  0.03487346 -0.00271097  0.02208527
  0.00035647 -0.02243673 -0.02404927 -0.01695092  0.03029178 -0.00156775
 -0.01450866  0.00530034 -0.01224017  0.00938367 -0.02407231  0.00817351
  0.00247048  0.0106284  -0.00252884  0.01642496  0.00836775  0.05409594
 -0.0306939  -0.01249127 -0.07670437 -0.05723476  0.05334227  0.01185903
 -0.04231251 -0.00349016 -0.01941963 -0.01463145 -0.04430631 -0.00141818
 -0.01968693  0.00065483 -0.01164658  0.02951222  0.00435306 -0.03911827
  0.03732177 -0.00243282  0.05885198 -0.01854734 -0.00805832 -0.05816075
 -0.07728711  0.05136827 -0.02115287 -0.11596237  0.06009168  0.02822903
  0.00872618 -0.03611286  0.01152416  0.00329198  0.00366515 -0.0094672
 -0.02626455  0.05669776 -0.06400914 -0.02615775 -0.02007105 -0.02447777
  0.02926717 -0.00308414  0.00779013 -0.00915755 -0.01608787 -0.0250367
 -0.0326734   0.05160942  0.004709   -0.02618767 -0.04367941 -0.00369507
  0.01968532 -0.0472688   0.00588884  0.014606    0.05351703 -0.0503955
 -0.03486297  0.02193907 -0.00200277  0.00957564 -0.00283626 -0.00718803
 -0.00263133  0.00485446 -0.01880309 -0.00675471  0.01220847 -0.00961903
 -0.01619063  0.02707458 -0.01060697  0.00168197  0.00287208  0.01993705
  0.00398664 -0.01568018  0.01552954  0.00669814 -0.00926731 -0.0402753
 -0.02905187 -0.00072197  0.01868651 -0.02110683  0.03113061  0.0232989
 -0.00940663 -0.00851156  0.01417219 -0.00963085 -0.03621956  0.02101826
  0.02736953 -0.02931589 -0.0005234   0.00237842  0.01524787  0.00323637
 -0.00704632 -0.02153397  0.04398744  0.04108887 -0.01855642 -0.01352814
  0.07888057 -0.04842871  0.00684468  0.02667224 -0.02216085 -0.03990648
  0.01718947 -0.0582193  -0.00534684  0.03489548  0.04506189 -0.03000953
  0.05091604  0.0447833   0.0051876 ]
Best PCC  0.6786205066572156 Best Lamba  1 Best epsilon  5e-05
Lambda:  1 Epsilon:  5e-05 PCC:  0.6732013845433258
[-0.06576361  0.02790116 -0.00330956  0.0648568   0.00134787  0.00749607
  0.02788708 -0.02119913 -0.03801267 -0.02530294  0.04858735 -0.02666361
  0.00728613  0.01041748  0.00096116  0.05742453 -0.00109476  0.01010422
  0.00297439  0.03775185 -0.08229358 -0.03037111  0.00976084 -0.03391747
  0.05380355 -0.00502573  0.01524542  0.00511099 -0.03312479 -0.0280035
 -0.03616191  0.07488498 -0.00831031 -0.03020546  0.01785726 -0.00142338
  0.05805859 -0.01392458  0.01818406  0.02375352 -0.03677964 -0.02646363
 -0.00196952 -0.02957871 -0.00839853  0.03862475 -0.00126516  0.02206014
 -0.00723815 -0.07025491 -0.04454841  0.03459733 -0.00500543  0.0230435
 -0.00508952 -0.00165624 -0.02226029 -0.01827415 -0.03273693  0.00483613
 -0.0366901   0.03183367  0.02990081 -0.00283006  0.01188346 -0.00684116
 -0.042937   -0.00574712 -0.02614871 -0.02796158  0.01945989  0.01533799
  0.03207895 -0.05639162 -0.00949304 -0.02101822  0.03189161 -0.01610375
 -0.04980283 -0.00113471  0.00178792  0.00657494 -0.0447367   0.04550851
 -0.04659821  0.02496765  0.01941077  0.00252151 -0.00411053 -0.01742802
  0.00180866  0.04099989  0.00898798 -0.05831591  0.03334407 -0.02621978
 -0.01345358  0.007683    0.00463359  0.02316023  0.03199446  0.00530483
  0.05291865 -0.00863895 -0.03831674 -0.02328824 -0.0028836  -0.02820827
  0.00118374 -0.00311562  0.00929969 -0.00548714  0.00633044 -0.0059835
 -0.01811542  0.03637562  0.00078918 -0.02361804 -0.02196471  0.00135009
  0.02266053 -0.01732883  0.00609893  0.00814413  0.01172224 -0.00590387
  0.03100576  0.00280257  0.01581964 -0.04687374 -0.00749998 -0.02732966
 -0.04235198  0.04471701  0.01756132 -0.00272673 -0.02778615  0.01410758
 -0.00337001 -0.02023681  0.01298819  0.01063491  0.02024348  0.00141452
 -0.02846653 -0.0133017   0.06560033  0.00698542 -0.01370063  0.01823344
 -0.00781314  0.00065976 -0.03152737 -0.03615409 -0.00964801 -0.01555341
  0.00769916 -0.0202383  -0.00080606 -0.00422061 -0.0170674  -0.00208216
 -0.02168973 -0.02010413 -0.00268716 -0.01091372  0.02779131  0.01014488
  0.01069584 -0.02028994  0.0020267   0.05143367 -0.00293077  0.01691028
  0.01681051 -0.07271763 -0.03647525 -0.01320039 -0.00068794  0.0232004
 -0.01153883  0.0565109  -0.02748448 -0.02991818 -0.02075619 -0.00209354
  0.00586837  0.03919446  0.00917291]